4

0100101110101100011110110110000
10100011000111100011011101101100111111001111111100111101000011111101001101111010110001110000110100001100010100111111
0001101000001010000011010100101111101100100010100011000111100011011101101100111111001111111100111101000011111101001101111010110001110000110100001100010100111111
1001011101011000111101101100001101000001010000011010100101111101100100010100011000111100011011101101100111111001111111100111101000011111101001101111010110001110000110100001100010100111111
0111101101100001101000001010000011010100101111101100100010100011000111100011011101101100111111001111111100111101000011111101001101111010110001110000110100001100010100111111
010010111010110001111011011000011010000010100000110101001011111011001000101000110001111000110111011011001111110011111111001111010000111111010011011110101100011100001101000011000
1111010110001110000110100001100010100111111
01001011101011000111101101100001101000001010000011010100101111101100100010100011000111100011011101101100111111001111
0111111
11000111100011011101101100111111001111111100111101000011111101001101111010110001110000110100001100010100111111
01000011111101001101111010110001110000110100001100010100111111
101111010110001110000110100001100010100111111
01001011101011000111101101100001101000001010000011010100101111101100100010100011000111100011011101101100111111001111111100111101000011111101001101111010110001110000110100001100010100111
0100101110101100011110110110000110100000101000001101010010111110110010001010001100011110001101110110110011111100111111110011110100001111110100110111101011000111000011010
01001011101011000111101101100001101000001010000011010100101111101100100010100011000111100011011101101100111111001111111100111101000011111101001101111010110001110000110100
0100101110101100011110110110
0100101110101100011110110110000110100000101000001101010010111
11100011011101101100111111001111111100111101000011111101001101111010110001110000110100001100010100111111
100001101000001010000011010100101111101100100010100011000111100011011101101100111111001111111100111101000011111101001101111010110001110000110100001100010100111111
0001110000110100001100010100111111
0100101110101100011110110110000110100000101000001101010010111110110010001010001100011110001101110110110011111100111111110011110100001
0100101110101100011110110110000110100000101000001101010010111110110010001010001100011110001101110110110011111100111111110011110100001111110100
10001110000110100001100010100111111
01001011101011000111101101100001101000001010000011010100101111101100100010100011000111100011011101101
01001011101011000111101101100001101000001010000011010100101111101100100010100011000111100011
01001011101011000111101101100001101000001010000011010100101111101100100010100
111111001111111100111101000011111101001101111010110001110000110100001100010100111111
01001011101011000111101101100001101000001010000011010100101111101100100010100011000111100011011101101100111111001111111100111101000011111101001101
0001010000011010100101111101100100010100011000111100011011101101100111111001111111100111101000011111101001101111010110001110000110100001100010100111111
01001011101011000111101101100001101
01001011101011000111101101100
0100101110101100011110110110000110100000101000001101010010111110110010001010001
011101011000111101101100001101000001010000011010100101111101100100010100011000111100011011101101100111111001111111100111101000011111101001101111010110001110000110100001100010100111111
1100111101000011111101001101111010110001110000110100001100010100111111
111100011011101101100111111001111111100111101000011111101001101111010110001110000110100001100010100111111
01001011101011000111101101100001101000001010000011010100101111101100100010100011000111100011011101101100111111001111111100111101000011111101001101111010110001110000110100
0100101110101100011110110110000110100000101000001101010010111110110010
1011000111101101100001101000001010000011010100101111101100100010100011000111100011011101101100111111001111111100111101000011111101001101111010110001110000110100001100010100111111
01001011101011000111101101100001101000001010000011010100101111101100100010100011000111100011011101101100111111001111111100111101000011111101001101
01001011101011000111101101100001101000001010000011010100101111101100100
0100101110101100011110110110000110100000101000001101010010111110110010001010001100011110001101110110110011111100111111110011110100001111110100110111101011000111
1
0100101110101100011110110110000110100000101000001101010010111110110010001010001100011110001101110110110011111100111111110011110100001111110100110111101011000
010010111
1100011011101101100111111001111111100111101000011111101001101111010110001110000110100001100010100111111
0001101000001010000011010100101111101100100010100011000111100011011101101100111111001111111100111101000011111101001101111010110001110000110100001100010100111111
01001011101011
10100111111
10000110100001100010100111111
1110000110100001100010100111111
0100101110101100011110110110000110100000101000001101010010111110110010001010001100011110001101110110110011
100011011101101100111111001111111100111101000011111101001101111010110001110000110100001100010100111111
010010111010110001111011011000011010000010100000110101001011111011001000101000110001111000110111011011001111110011111111001111010000111111010011011110101100011100001101000011000101001111
010010111010110001111011011000011010000010100000110101001011111011001000101000110001111000110111011011001111110011111111001111010000111111
0100101110101100011110110110000110100000101000001101010010111110110010001010001100011110001101110110110011111100111111110011110100001111110100110111101
01001011101011000111101101100
000001010000011010100101111101100100010100011000111100011011101101100111111001111111100111101000011111101001101111010110001110000110100001100010100111111
1101111010110001110000110100001100010100111111
01001011101011000111101101100001101000001010000011010100101111101100100010100011000111100011011101101100111111001111111100111101000011111101001
010010111010110001111011011000011010000010100000110101001011111011001000101000110001111000110111011011001111110011111111001111010000111111010011011110101
1011101101100111111001111111100111101000011111101001101111010110001110000110100001100010100111111
111101100100010100011000111100011011101101100111111001111111100111101000011111101001101111010110001110000110100001100010100111111
0100010100011000111100011011101101100111111001111111100111101000011111101001101111010110001110000110100001100010100111111
10100001100010100111111
0100101110101100011110110110000110100000101000001101010010111110110010001010001100011110001101110110110011111100111111110011110100001111110100110111101011000111000011010000110001010011111
010010111010110001111011011000011010000010100000110101001011111011001000101000110001111000110111011011001111110011111111001111
11
010010111010110001111011011000011010000010100000110101001011111011001000101000110001111000110111011011001111110011111111001111010000111111010011011110101100011
001101000001010000011010100101111101100100010100011000111100011011101101100111111001111111100111101000011111101001101111010110001110000110100001100010100111111
010010111010110001111011011000011010000010100000110101001011111011001000101000110001111000110111
000111101101100001101000001010000011010100101111101100100010100011000111100011011101101100111111001111111100111101000011111101001101111010110001110000110100001100010100111111
0100101110101
01001
101111010110001110000110100001100010100111111
0100101110101100011110110110000110100000101000001101010010111110110010001010001100011110001
0100101110101100011110110110000110100000101000001101010010111110110010001010001100011110001101110110110011111100111111110011
101100001101000001010000011010100101111101100100010100011000111100011011101101100111111001111111100111101000011111101001101111010110001110000110100001100010100111111
010010111010110001111011011000011010000010100000110101001011111011001000101000110001111000110111011011001111110011111111001111
011000111100011011101101100111111001111111100111101000011111101001101111010110001110000110100001100010100111111
11001111111100111101000011111101001101111010110001110000110100001100010100111111
1000111101101100001101000001010000011010100101111101100100010100011000111100011011101101100111111001111111100111101000011111101001101111010110001110000110100001100010100111111
010100011000111100011011101101100111111001111111100111101000011111101001101111010110001110000110100001100010100111111
0001101000001010000011010100101111101100100010100011000111100011011101101100111111001111111100111101000011111101001101111010110001110000110100001100010100111111
1000111101101100001101000001010000011010100101111101100100010100011000111100011011101101100111111001111111100111101000011111101001101111010110001110000110100001100010100111111
1101000011111101001101111010110001110000110100001100010100111111
11101000011111101001101111010110001110000110100001100010100111111
1101000001010000011010100101111101100100010100011000111100011011101101100111111001111111100111101000011111101001101111010110001110000110100001100010100111111
010010111010110001111011011000011010000010100000110101001011111011001000101000110001111000110111011011001111110011111111001111010000111111010011011110101100011100001101000011000
0100101110101100
011010100101111101100100010100011000111100011011101101100111111001111111100111101000011111101001101111010110001110000110100001100010100111111
01001011101011000111101101100001101000001010000011010100101111101100100010100011000111100011011101101100111111001111111100111101000011111101001
1001011101011000111101101100001101000001010000011010100101111101100100010100011000111100011011101101100111111001111111100111101000011111101001101111010110001110000110100001100010100111111
0100101110101100011110110110000110100000101000001101010010111110110010001010001100011
010010111010110001111011011000011010000010100000110101001011111011001000101000110001
0100101110101100011110110110000110100000101000001101010010111110110010001010001100011110001101110110110011111100111111110011110100001111110100110111101011000111000011
01110000110100001100010100111111
0001100010100111111
01001011101011000111101101
010010111010110001111011011000011010000010100000110101001011111011001000101000110001111000110111011011001111110011111
010010111010110001111011011000011010000010100000110101001011111011001000101000110001111000110111011011001111110011111111001111010000111111010011011110101100011100001101000
010010111010110001111011011000011010000010100000110101001011111011001000101000110001111
1111101001101111010110001110000110100001100010100111111
11010110001110000110100001100010100111111
01001011101011000111101101100001101000001010000011010100101111
010010111010110001111011011000011010000010100000110101001011111011001000101000110001111000110111011011001111110011111111001111010000111111010011011110101100011100001
111101000011111101001101111010110001110000110100001100010100111111
0100101110
01001011101011000111101
010010111010110001111011011000011010000010100000110101001011111011001000101000110001111000110111011011001111110011111111001111010000111111010011011
01001101111010110001110000110100001100010100111111
01001011101011000111101101100001101000001010000011010100101111101100100010100011000111100011011101101100111111001111111100
01001011101011000111101101100001101000001010000011010100101111101100100010100011000111
0100101110101100011110110110000110100000101000001101010010111110110010001010001100011110001101110110110011111100111111110011110100001111110100110111101011
11101100100010100011000111100011011101101100111111001111111100111101000011111101001101111010110001110000110100001100010100111111
010010111010110001111011011000011010000010100000110101001011111011001000101000110001111000110111011011001111110011111111001111010000111111010011011110101100011100
01101100001101000001010000011010100101111101100100010100011000111100011011101101100111111001111111100111101000011111101001101111010110001110000110100001100010100111111
11000111100011011101101100111111001111111100111101000011111101001101111010110001110000110100001100010100111111
010010111010110001111
100011011101101100111111001111111100111101000011111101001101111010110001110000110100001100010100111111
0000110100001100010100111111
11100011011101101100111111001111111100111101000011111101001101111010110001110000110100001100010100111111
00110100001100010100111111
0100101110101100011110110110000110100000101000001101010010111110110010001010001100011110001
1010000011010100101111101100100010100011000111100011011101101100111111001111111100111101000011111101001101111010110001110000110100001100010100111111
100111111001111111100111101000011111101001101111010110001110000110100001100010100111111
1011101101100111111001111111100111101000011111101001101111010110001110000110100001100010100111111
0111100011011101101100111111001111111100111101000011111101001101111010110001110000110100001100010100111111
010010111010110001111011011000011010000010100000110101001011111011001000101000110
010010111010110001111011011000011010000010100000110101001011111011001000101000110001
0100101110101100011110110110000110100000101000001101010010111110110010001010001100011110001101110110110011111100111111110011110100001111110100110
1101100100010100011000111100011011101101100111111001111111100111101000011111101001101111010110001110000110100001100010100111111
011000111100011011101101100111111001111111100111101000011111101001101111010110001110000110100001100010100111111
01001011101011000111101101100001101000001010000011010100101111101100100010100011
010010111010110001111011011000011010000010100000110101001011111011001000101000110001111000110111011011001111110011111111001111010000111111010011011110101100
0100101110101100011110110110
111100111101000011111101001101111010110001110000110100001100010100111111
1101100100010100011000111100011011101101100111111001111111100111101000011111101001101111010110001110000110100001100010100111111
101100100010100011000111100011011101101100111111001111111100111101000011111101001101111010110001110000110100001100010100111111
00001101000001010000011010100101111101100100010100011000111100011011101101100111111001111111100111101000011111101001101111010110001110000110100001100010100111111
01001011101011000111101101100001101000001010000011010100101111101100100010100011000
010010111010110001111011011000011010000010100000110101001011111011001000101000110001111000110111011011001111
001110000110100001100010100111111
100101111101100100010100011000111100011011101101100111111001111111100111101000011111101001101111010110001110000110100001100010100111111
0100001100010100111111
0100101110101100011110110110000110100000101000001101010010111110110010001010001100
111010110001110000110100001100010100111111
1111001111111100111101000011111101001101111010110001110000110100001100010100111111
01000011111101001101111010110001110000110100001100010100111111
01001011101011000111101101100001101000001010000
01101100111111001111111100111101000011111101001101111010110001110000110100001100010100111111
010010111010110001111011011000011010000010100000110101001011111011001000101000110001111000110111011
0100101110101100011110110110000110100000101000001101010010111110110010001010001100011110001101110110110011111100111111110011110100
1111101001101111010110001110000110100001100010100111111
11001111111100111101000011111101001101111010110001110000110100001100010100111111
01001011101011000111101101100
010010111010110001111011
000111100011011101101100111111001111111100111101000011111101001101111010110001110000110100001100010100111111
01001011101011000111101101100001101000001010000011010100101111101100100010100011000111100
011101101100111111001111111100111101000011111101001101111010110001110000110100001100010100111111
0100101110101100011110110110000110100000101000001101010010111110110010001010001100011110001101110110110011111100111111110011110100001
000011010100101111101100100010100011000111100011011101101100111111001111111100111101000011111101001101111010110001110000110100001100010100111111
101111010110001110000110100001100010100111111
0100101110101100011110110110000110100
011101011000111101101100001101000001010000011010100101111101100100010100011000111100011011101101100111111001111111100111101000011111101001101111010110001110000110100001100010100111111
0100101110101100011110110110000110100000101000001101010010111110110010001
01001011101011000
010010111010110001111011011000011010000010100000110101001011111011001000101000
01011101011000111101101100001101000001010000011010100101111101100100010100011000111100011011101101100111111001111111100111101000011111101001101111010110001110000110100001100010100111111
010010111010110001111011011000011010000010100000110101001011111011001000101000110001111000110111011011001111110011111111001
01001011101011000111101101100001101000001010000011010100101
111101101100001101000001010000011010100101111101100100010100011000111100011011101101100111111001111111100111101000011111101001101111010110001110000110100001100010100111111
0100011000111100011011101101100111111001111111100111101000011111101001101111010110001110000110100001100010100111111
0100101110101100011110110110000110100000101000001101010010111110110
010010111010110001111011011000011010000010100000110101001011111011001000101000110
0100101110101100011110110110000110100000101000001101010010111110110010
01001011101011000111101101100001101000001010000011010100101111101100100010100
01001011101011000111101101100001101000001010
100010100011000111100011011101101100111111001111111100111101000011111101001101111010110001110000110100001100010100111111
0100101110101
0100101110101100011110110110000110100000
0010100011000111100011011101101100111111001111111100111101000011111101001101111010110001110000110100001100010100111111
110000110100001100010100111111
010010111010110001111011011000011010000010100000110101001011111011001000101000110001111000110111011011001111110011111111001111010000111111010011011110101100011
01110000110100001100010100111111
0010100011000111100011011101101100111111001111111100111101000011111101001101111010110001110000110100001100010100111111
0010100011000111100011011101101100111111001111111100111101000011111101001101111010110001110000110100001100010100111111
01001011101011000111101101100001101000001010000011010100101111101100100010100011000111100011011101101100111111001111111100111101000011111101001101
01011000111101101100001101000001010000011010100101111101100100010100011000111100011011101101100111111001111111100111101000011111101001101111010110001110000110100001100010100111111
01001011101011000111101101100001101000001010000011010100101111101100100010100011000111100011011101101100111111001111111100111101000011111101001
11100111101000011111101001101111010110001110000110100001100010100111111
111010110001110000110100001100010100111111
01001
100111111001111111100111101000011111101001101111010110001110000110100001100010100111111
01001011101011000111101101100001101000001010000011010100101111101100100010100011000111
0100101110101100011110110110000110100000101000001101010010111
0011111101001101111010110001110000110100001100010100111111
01100111111001111111100111101000011111101001101111010110001110000110100001100010100111111
001101000001010000011010100101111101100100010100011000111100011011101101100111111001111111100111101000011111101001101111010110001110000110100001100010100111111
0100101110101100011110110110000110100000101000001101010010111110110010001010001100011110001101110110110011111100111111110011110100001111110100110111101011000111000011010000110001010
010010111010110001111011011000011010000010100000110101001011111011001000101000110001111000110111011011001111110011111
011011101101100111111001111111100111101000011111101001101111010110001110000110100001100010100111111
010010111010110001111011011000011010000010100000110101001011111011001000101000110001111000110111011011001111
010010111010110001111011011000011010000010100000110101001011111011001000101000110001111000110111011011001111110011111111001111010000111111010011011110101100
01001011101011000111101101100001101000001010000011010100101111101100
0100101110101100011110110110000110100000101000001101010010111110110010001010001100011110001101110110110011111100111111
0
01001011101011000111101101100001101000001010000011010100101111101100100010100011000111100011011101101100
11100111101000011111101001101111010110001110000110100001100010100111111
010010111010110001111011011000011010000010100000110101001011111011001000101000
00011011101101100111111001111111100111101000011111101001101111010110001110000110100001100010100111111
00111100011011101101100111111001111111100111101000011111101001101111010110001110000110100001100010100111111
010010111010110001111011011
0100101110101100011110110110000110100000101000001101010010111110110010001010001100011110001101110110110011111100111111110011110100
01001011101011000111101101100001101000001010000011010100101111101100100010100011000111100011011101101
10100111111
01100010100111111
01001011101011000111101101100001101000001010000011010100101111101100100010100011000111100011011101101100111111001111111100111101000011111101001101111010110
001100010100111111
101111010110001110000110100001100010100111111
010010111010110001111011011000011010000010100000110101001011111011001000
111010110001110000110100001100010100111111
01001011101011000111101101100001101000001010000011010100101111101100100010100011000111100011011101101100111111001111111100111101000011111101001
001101000001010000011010100101111101100100010100011000111100011011101101100111111001111111100111101000011111101001101111010110001110000110100001100010100111111
111
01001011101011000111101101100001101000001010000011010100101111101100100010100011000111100011011101101100111111001111111100111101000011111101001101111010110001
0110001110000110100001100010100111111
01100001101000001010000011010100101111101100100010100011000111100011011101101100111111001111111100111101000011111101001101111010110001110000110100001100010100111111
01001011101011000111101101100001101000001010000011010
1000111100011011101101100111111001111111100111101000011111101001101111010110001110000110100001100010100111111
00111100011011101101100111111001111111100111101000011111101001101111010110001110000110100001100010100111111
10000110100001100010100111111
01001011101011000111101101100001101000001010000011010100101111101100100010100011000111100011011101101
0
001100010100111111
0100101110101100011110110110
010
0100101110101100011110110110000110100000101000001101010010111110110010
010010111010110001111011011000011010000010100000110101001011
100111111001111111100111101000011111101001101111010110001110000110100001100010100111111
0011111101001101111010110001110000110100001100010100111111

000100111000110111111111111010110001001101101110101011110111011111010101010000001100011010011011001101111100101000000101011000001101010001111101100010111111100000111000011010101100
00101011000001101010001111101100010111111100000111000011010101100
10111100010011100011011111111111101011000100110110111010101111011101111101010101000
1101101110101011110111011111010101010000001100011010011011001101111100101000000101011000001101010001111101100010111111100000111000011010101100
1100000111000011010101100
101
101111000100111000110111111111111010110001001101101110101011110111011111010101010000001100011010011011001101111100101000000101011000001101010001111101100010111111100000111
00000101011000001101010001111101100010111111100000111000011010101100
11010101100
10111100010011100011011111111111101011000100110110111010101111011101111101010101000000110001101
10111100010011100011011111111111101011000100110110111010101111011101111101010101000000110001101001101100110111110010100000010101100000110101000111110110001011111
100
100
1011110001001110001101111111111110101100010011011011101010111101110111110101010100000011000110100110110011011111001010000001010110000011010100011111011000101111111000001110000
101111000100111000110111111111111010110001001101101110101011110111011111010101010000001100011010011011001101111100
1011
10111100010011100011011111111111101011000100110110111010101111011101111101010101000000110001101001101100110111110010100000010101100000110101000111110110001011
101111000100111000110111111111111010110001001101101110101011110111011111010101010000001100011010011011001101111100101000000101011000001101010001111101100010111111100000111000011010101
1011110001001110001101111111111110101100010011011011101010111101110111110101010100000011000110100110110011011111001010000001010110000011010100011111011000
1010000001100011010011011001101111100101000000101011000001101010001111101100010111111100000111000011010101100
101111000100111000110111111111111010110
1011110001001110001101111111111110101100010011011011101010111101110111110101010100000011000110100110110011011111001010000
10111100010011100011011111111111101011000100
1
0111111100000111000011010101100
1111010101010000001100011010011011001101111100101000000101011000001101010001111101100010111111100000111000011010101100
10111100010011100011011111111111101011000100110110111010101111011101111101010101000000110001101001101100110111110010100000010101100000110101
0011010101100
10111100010011100011011111111111101011000100110110111010101111011101111101010101000000110001101001101100110111110010100000010101100000110101000111110110001011111110000011100
10011011001101111100101000000101011000001101010001111101100010111111100000111000011010101100
10111100010011100011011111111111101011000100110110111010101111011101111101010101000000110001101001101100110111110010100000010101100000110101000111110110001
10111100010011100011011111
101101110101011110111011111010101010000001100011010011011001101111100101000000101011000001101010001111101100010111111100000111000011010101100
101000000101011000001101010001111101100010111111100000111000011010101100
10111100010011100011011111111111101011000100110110111010101111011101111101010
1011110001001110001101111111111110101100
000011010101100
110101011110111011111010101010000001100011010011011001101111100101000000101011000001101010001111101100010111111100000111000011010101100
101111000100111000110111111111111010110001001101101
110111111111111010110001001101101110101011110111011111010101010000001100011010011011001101111100101000000101011000001101010001111101100010111111100000111000011010101100
11010110001001101101110101011110111011111010101010000001100011010011011001101111100101000000101011000001101010001111101100010111111100000111000011010101100
10111100010011100011011111111111101011000100110110111010
101111000100111000110111111111111010110001001101101110101011110111011111010101010000001100011010011011001101111100101000000101011000001101010001111101100010111111100000111000011010101
101111000100111000
1011110001001110001101111111111110101100010011011011101010111101110111110101010100000011000110100110110011011111001010000001010110000011
101111
1111111010110001001101101110101011110111011111010101010000001100011010011011001101111100101000000101011000001101010001111101100010111111100000111000011010101100
1011110001001110001101111111111110101100010011011011101010111101110111110101010100000011000110100110110011011111001010
1011110001001110001101111111111110101100010011011011101010111101
110111011111010101010000001100011010011011001101111100101000000101011000001101010001111101100010111111100000111000011010101100
1111100000111000011010101100
010111111100000111000011010101100
101111000100111000110111111111111010110001001101101110101011
01001101101110101011110111011111010101010000001100011010011011001101111100101000000101011000001101010001111101100010111111100000111000011010101100
01111000100111000110111111111111010110001001101101110101011110111011111010101010000001100011010011011001101111100101000000101011000001101010001111101100010111111100000111000011010101100
1010000001100011010011011001101111100101000000101011000001101010001111101100010111111100000111000011010101100
10111100010011100011011111111111101011000100110110111010101111
10111100010011100011011111111111101011000100110110111010101111011101111101010
101111000100111000110111111111111010110001001101101110101011110111011111010101010000001100011010011011001101111
1011110001
11011111010101010000001100011010011011001101111100101000000101011000001101010001111101100010111111100000111000011010101100
0011011001101111100101000000101011000001101010001111101100010111111100000111000011010101100
0001111101100010111111100000111000011010101100
101111000100111000110111111111111010110001001
0001001101101110101011110111011111010101010000001100011010011011001101111100101000000101011000001101010001111101100010111111100000111000011010101100
111000100111000110111111111111010110001001101101110101011110111011111010101010000001100011010011011001101111100101000000101011000001101010001111101100010111111100000111000011010101100
101111000100111000110111111111111010110001001101101110101011110111011111010101010000001100011010011011001101111100101000000101011000001101010001111101100
0111011111010101010000001100011010011011001101111100101000000101011000001101010001111101100010111111100000111000011010101100
01010001111101100010111111100000111000011010101100
1011110111011111010101010000001100011010011011001101111100101000000101011000001101010001111101100010111111100000111000011010101100
10111100010011100011011111111111101011000100110110111010101111011101
10111111100000111000011010101100
11000100111000110111111111111010110001001101101110101011110111011111010101010000001100011010011011001101111100101000000101011000001101010001111101100010111111100000111000011010101100
001001101101110101011110111011111010101010000001100011010011011001101111100101000000101011000001101010001111101100010111111100000111000011010101100
00111000110111111111111010110001001101101110101011110111011111010101010000001100011010011011001101111100101000000101011000001101010001111101100010111111100000111000011010101100
1011110001001110001101111111111110101100010011
1011110001001110001101111111111
100101000000101011000001101010001111101100010111111100000111000011010101100
10111100010011100011011111111111101011
0001100011010011011001101111100101000000101011000001101010001111101100010111111100000111000011010101100
1011110001001110001101111111111110101100010011011011101010111101110111110101010100000011000110
01101110101011110111011111010101010000001100011010011011001101111100101000000101011000001101010001111101100010111111100000111000011010101100

1101000010011001100110000001010
0
1100110000001010
0100001001001101001110100001001100
0011010011101000010011001100110000001010
010000100100110100111010
0100001001
00010011001100110000001010
01000010011001100110000001010
0010011001100110000001010
010000100100110100111
01000010010011010011101
0100001001001101001110100
000010011001100110000001010
0100001001001101001
1000010010011010011101000010011001100110000001010

01100110010
001010001011101110
01100110010001010001
010001011101110
01010001011101110
0110011001
01110
011001100100010
0110011001000101
011101110
0110011001
011001100100010100010111011
0001011101110
01100110
01100110
1100110010001010001011101110
0010001010001011101110
0110011001000101
010001010001011101110
0001010001011101110
1011101110
0110011001000101000101
01100110010001010
001011101110
01100110010001010001011101
10010001010001011101110
01100110010001
001011101110
1011101110
0110011001000101000101
0110
010001011101110
100110010001010001011101110
0
011
0110011001
0001010001011101110
110010001010001011101110
001011101110
01100110010001010001
10001011101110
1110
010001010001011101110
1010001011101110
01100110010001010001
0110011
01110
0110011001000
0001011101110
0001010001011101110
01100110010001010001
0001010001011101110
011001100100010100010111
01100110010001010
01100110010001010
011001
011001
010001010001011101110
0
011001100100010100010
011001100100
10010001010001011101110
011001100100
01010001011101110
0110011
01100110010001010001
01010001011101110
0010001010001011101110
1101110
01100
00110010001010001011101110
0001010001011101110
1101110
0110010001010001011101110
11101110
0110011001
110
0110011001000101000101110111
0110011001000101000
001010001011101110
0110011001000101000101110
01100110
01100110010
011001100100
010001010001011101110
0110011001000101000
0110011001
01
10
01100110010001010
011001100100010100010111
001011101110
011101110
01100110
011101110
011101110
0
01100110010001
0110011001000101000101110111
011101110

