1

01100110010
001010001011101110
01100110010001010001
010001011101110
01010001011101110
0110011001
01110
011001100100010
0110011001000101
011101110
0110011001
011001100100010100010111011
0001011101110
01100110
01100110
1100110010001010001011101110
0010001010001011101110
0110011001000101
010001010001011101110
0001010001011101110
1011101110
0110011001000101000101
01100110010001010
001011101110
01100110010001010001011101
10010001010001011101110
01100110010001
001011101110
1011101110
0110011001000101000101
0110
010001011101110
100110010001010001011101110
0
011
0110011001
0001010001011101110
110010001010001011101110
001011101110
01100110010001010001
10001011101110
1110
010001010001011101110
1010001011101110
01100110010001010001
0110011
01110
0110011001000
0001011101110
0001010001011101110
01100110010001010001
0001010001011101110
011001100100010100010111
01100110010001010
01100110010001010
011001
011001
010001010001011101110
0
011001100100010100010
011001100100
10010001010001011101110
011001100100
01010001011101110
0110011
01100110010001010001
01010001011101110
0010001010001011101110
1101110
01100
00110010001010001011101110
0001010001011101110
1101110
0110010001010001011101110
11101110
0110011001
110
0110011001000101000101110111
0110011001000101000
001010001011101110
0110011001000101000101110
01100110
01100110010
011001100100
010001010001011101110
0110011001000101000
0110011001
01
10
01100110010001010
011001100100010100010111
001011101110
011101110
01100110
011101110
011101110
0
01100110010001
0110011001000101000101110111
011101110

